1.000
1.397
1.795
2.192
2.590
2.987
3.385
3.782
4.179
4.577
5.013
5.558
6.154
6.750
7.346
7.990
8.718
9.513
10.308
11.103
11.897
12.692
13.487
14.282
15.077
15.872
16.667
17.462
18.256
19.051
19.885
20.801
21.795
22.788
23.782
24.776
25.769
26.763
27.756
28.750
29.744
31.055
32.423
33.814
35.205
36.596
37.687
38.699
39.692
40.686
41.679
43.077
44.667
46.256
47.846
49.436
51.026
52.615
54.205
55.795
57.333
58.731
59.923
61.115
62.308
63.341
64.058
64.157
64.256
64.356
64.455
64.554
64.654
64.753
64.853
64.944
64.994
65.000
65.000
65.000
65.000
64.940
64.853
64.753
64.654
64.554
64.455
64.356
64.256
64.157
64.058
63.904
63.718
63.519
63.321
63.122
62.831
62.449
62.051
61.654
61.256
60.788
60.192
59.596
59.000
58.404
57.808
57.212
56.615
56.019
55.397
54.712
53.718
52.724
51.731
50.728
49.674
48.500
47.308
46.115
44.923
43.890
43.026
42.231
41.436
40.641
39.763
38.814
37.821
36.827
35.833
34.840
33.846
32.853
31.859
30.865
29.944
29.103
28.308
27.513
26.718
25.979
25.346
24.750
24.154
23.558
23.100
23.219
23.410
23.609
23.808
24.006
24.205
24.404
24.603
24.800
24.988
25.099
25.199
25.298
25.397
25.497
25.596
25.696
25.795
25.894
25.969
26.000
26.000
26.000
26.000
25.973
25.910
25.811
25.712
25.612
25.513
25.413
25.314
25.215
25.115
24.953
24.667
24.269
23.872
23.474
23.063
22.596
22.103
21.606
21.109
20.620
20.362
20.147
19.949
19.750
19.551
19.353
19.154
18.955
18.756
18.558
18.359
18.160
17.962
17.763
17.572
17.433
17.333
17.234
17.135
17.022
16.872
16.673
16.474
16.276
16.092
15.939
15.840
15.740
15.641
15.542
15.442
15.343
15.244
15.144
15.045
14.946
14.846
14.747
14.647
14.548
14.433
14.312
14.187
14.063
13.939
13.815
13.691
13.567
13.442
13.318
13.194
13.070
12.946
12.821
12.697
12.573
12.449
12.325
12.200
12.076
11.969
11.890
11.810
11.731
11.647
11.544
11.385
11.226
11.067
10.911
10.762
10.642
10.523
10.404
10.285
10.165
10.046
9.927
9.808
9.688
9.569
9.450
9.331
9.212
9.092
8.982
8.878
8.779
8.679
8.580
8.481
8.381
8.282
8.183
8.083
7.984
7.885
7.785
7.686
7.587
7.487
7.388
7.288
7.189
7.090
6.990
6.891
6.792
6.692
6.593
6.495
6.415
6.336
6.256
6.177
6.097
6.018
5.938
5.859
5.779
5.700
5.621
5.541
5.462
5.382
5.303
5.223
5.144
5.064
4.985
4.905
4.826
4.746
4.667
4.587
4.519
4.464
4.424
4.385
4.345
4.305
4.265
4.226
4.186
4.146
4.106
4.067
4.027
3.987
3.947
3.908
3.868
3.828
3.788
3.749
3.709
3.669
3.629
3.590
3.550
3.510
3.456
3.396
3.337
3.277
3.217
3.158
3.098
3.038
2.979
2.919
2.860
2.800
2.740
2.681
2.621
2.562
2.502
2.442
2.383
2.323
2.263
2.204
2.144
2.085
2.027
1.978
1.937
1.897
1.858
1.818
1.778
1.738
1.699
1.659
1.619
1.579
1.540
1.500
1.460
1.421
1.381
1.341
1.301
1.262
1.222
0.663
0.000