5.750
5.904
6.058
6.212
6.361
6.465
6.566
6.668
6.764
6.829
6.891
6.955
7.009
7.036
7.059
7.085
7.088
7.062
7.039
7.013
6.932
6.804
6.673
6.546
6.335
6.078
5.823
5.565
5.163
4.714
4.266
3.816
3.365
2.916
2.468
2.018
1.752
1.496
1.241
0.993
0.889
0.788
0.686
0.602
0.614
0.629
0.642
0.658
0.685
0.708
0.734
0.760
0.787
0.810
0.836
0.869
0.908
0.946
0.985
1.016
1.042
1.065
1.092
1.127
1.166
1.204
1.243
1.272
1.297
1.321
1.348
1.375
1.399
1.424
1.450
1.462
1.476
1.490
1.502
1.513
1.528
1.541
1.555
1.574
1.593
1.612
1.636
1.667
1.701
1.733
1.762
1.789
1.812
1.838
1.865
1.891
1.914
1.941
1.968
1.994
2.017
2.044
2.065
2.084
2.103
2.123
2.152
2.185
2.219
2.250
2.277
2.301
2.326
2.353
2.380
2.403
2.429
2.452
2.464
2.479
2.492
2.508
2.535
2.558
2.584
2.616
2.655
2.693
2.732
2.764
2.790
2.813
2.840
2.867
2.893
2.916
2.943
2.959
2.972
2.987
2.998
3.023
3.048
3.072
3.099
3.137
3.175
3.214
3.251
3.262
3.277
3.290
3.304
3.331
3.355
3.380
3.407
3.434
3.458
3.483
3.510
3.537
3.560
3.586
3.619
3.657
3.696
3.734
3.757
3.770
3.785
3.797
3.819
3.844
3.868
3.895
3.909
3.923
3.937
3.949
3.961
3.974
3.989
4.001
4.027
4.052
4.076
4.103
4.130
4.154
4.179
4.206
4.233
4.257
4.282
4.309
4.336
4.359
4.385
4.412
4.438
4.462
4.488
4.464
4.399
4.338
4.272
4.080
3.823
3.568
3.310
3.152
3.024
2.893
2.766
2.693
2.629
2.567
2.501
2.436
2.373
2.310
2.241
2.137
2.036
1.934
1.845
1.818
1.794
1.769
1.738
1.700
1.661
1.623
1.589
1.562
1.539
1.513
1.486
1.460
1.437
1.410
1.393
1.380
1.365
1.353
1.330
1.305
1.281
1.254
1.240
1.227
1.212
1.201
1.189
1.175
1.161
1.149
1.138
1.123
1.110
1.098
1.087
1.072
1.059
1.047
1.035
1.020
1.007
1.000
1.000
1.000
1.009
1.022
1.037
1.049
1.060
1.074
1.088
1.100
1.111
1.126
1.140
1.157
1.234
1.259
1.273
1.287
1.299
1.317
1.337
1.356
1.375
1.394
1.414
1.433
1.451
1.463
1.478
1.491
1.503
1.514
1.529
1.542
1.554
1.565
1.581
1.593
1.617
1.655
1.694
1.732
1.767
1.799
1.833
1.864
1.888
1.907
1.926
1.945
1.959
1.972
1.987
1.998
2.023
2.048
2.072
2.099
2.137
2.176
2.214
2.252
2.279
2.303
2.328
2.357
2.396
2.434
2.473
2.519
2.585
2.646
2.711
2.776
2.841
2.903
2.968
3.025
3.076
3.130
3.181
3.247
3.324
3.401
3.478
3.547
3.611
3.673
3.739
3.804
3.868
3.930
3.996
4.083
4.174
4.265
4.353
4.418
4.481
4.544
4.606
4.644
4.683
4.721
4.740
4.702
4.663
4.625
4.568
4.479
4.387
4.297
4.191
4.063
3.932
3.804
3.743
3.731
3.715
3.704
3.771
3.873
3.974
4.078
4.282
4.513
4.744
4.975
5.172
5.365