164.750
164.750
164.750
164.750
164.750
164.798
164.846
164.875
164.877
164.902
164.965
165.000
165.042
165.235
165.295
165.434
165.627
165.814
165.863
166.019
166.125
166.136
166.209
166.240
166.277
166.352
166.497
166.500
166.500
166.500
166.500
166.500
166.384
166.288
166.245
166.221
166.152
166.035
165.859
165.620
165.475
165.259
165.050
164.903
164.879
164.792
164.696
164.561
164.320
164.266
164.185
164.088
163.992
163.895
163.875
163.779
163.615
163.567
163.519
163.500
163.438
163.252
163.349
163.446
163.500
163.514
163.610
163.625
163.625
163.625
163.625
163.625
163.625
163.625
163.625
163.625
163.625
163.625
163.625
163.625
163.756
163.842
163.936
164.123
164.027
163.825
163.542
163.191
162.756
162.200
161.858
161.823
162.113
163.281
165.065
167.462
170.435
173.767
177.023
180.070
182.725
184.560
185.442
185.401
184.451
182.654
180.071
177.002
173.856
170.913
168.305
166.242
164.731
163.792
163.454
163.300
163.250
163.320
163.500
163.500
163.500
163.500
163.500
163.500
163.586
163.683
163.779
163.876
164.069
164.142
164.186
164.268
164.413
164.477
164.603
164.750
164.750
164.818
164.859
164.884
164.911
164.983
165.000
165.000
165.000
165.000
164.957
164.909
164.911
164.750
164.750
164.750
164.750
164.761
164.858
164.875
164.900
164.949
164.997
165.000
165.000
165.000
165.000
165.000
165.000
165.000
165.000
165.000
165.000
165.000
165.000
165.000
165.000
165.000
165.078
165.250
165.250
165.250
165.250
165.294
165.487
165.500
165.500
165.500
165.500
165.500
165.573
165.625
165.649
165.794
165.855
165.875
165.902
165.999
166.095
166.125
166.135
166.164
166.236
166.250
166.250
166.250
166.250
166.339
166.436
166.565
166.750
166.750
166.786
166.834
166.875
166.875
167.042
167.180
167.296
167.465
167.682
167.916
168.119
168.257
168.329
168.363
168.375
168.375
168.375
168.508
168.593
168.689
168.877
168.925
168.973
169.000
169.000
169.000
169.083
169.179
169.250
169.250
169.438
169.533
169.581
169.642
169.836
169.875
169.923
170.020
170.117
170.125
170.140
170.180
170.250
170.250
170.250
170.239
170.208
170.136
170.002
169.911
169.862
169.814
169.672
169.576
169.449
169.244
169.171
168.908
168.630
168.408
168.264
168.031
167.790
167.594
167.498
167.401
167.340
167.208
166.987
166.890
166.793
166.723
166.626
166.384
166.282
166.186
166.107
166.051
165.906
165.875
165.875
165.875
165.875
165.788
165.692
165.625
165.623
165.527
165.500
165.500
165.500
165.500
165.500
165.500
165.464
165.319
165.266
165.250
165.250
165.240
165.095
165.025
165.000
165.000
165.000
164.935
164.892
164.868
164.843
164.771
164.750
164.750
164.750
164.750
164.790
164.838
164.875
164.875
164.967
165.000
165.000
165.012
165.206
165.250
165.250
165.250
165.250
165.250
165.250
165.221
165.125
165.028
165.000
165.000
165.000
165.000
165.000
165.000
165.000
165.000
165.000
165.000
165.000
165.000
165.000
165.000
165.000
165.000
165.000
164.915
164.875
164.875
164.875
164.971
165.000
165.039
165.136
165.232
165.250
165.250
165.250
165.250
165.115
165.032
165.000
165.000
165.000
165.000
165.000
164.996
164.972
164.905
164.875
164.847
164.751
164.750
164.750
164.750
164.750
164.750
164.750
164.700
164.603
164.507
164.500
164.531
164.612
164.750
164.750
164.750
164.750
164.750