0.002
0.003
0.003
0.003
0.003
0.004
0.004
0.004
0.005
0.005
0.005
0.005
0.006
0.006
0.006
0.006
0.007
0.007
0.007
0.008
0.008
0.008
0.008
0.009
0.009
0.009
0.010
0.010
0.010
0.010
0.011
0.011
0.011
0.011
0.012
0.012
0.012
0.013
0.013
0.013
0.013
0.014
0.014
0.014
0.014
0.015
0.015
0.015
0.016
0.016
0.016
0.016
0.017
0.017
0.017
0.017
0.018
0.018
0.018
0.019
0.019
0.019
0.019
0.020
0.020
0.020
0.020
0.021
0.021
0.021
0.022
0.022
0.022
0.022
0.023
0.023
0.023
0.023
0.024
0.024
0.024
0.025
0.025
0.025
0.026
0.026
0.026
0.026
0.026
0.027
0.027
0.027
0.028
0.028
0.028
0.029
0.029
0.029
0.029
0.029
0.030
0.030
0.030
0.031
0.031
0.031
0.032
0.032
0.032
0.032
0.032
0.033
0.033
0.033
0.034
0.034
0.034
0.035
0.035
0.035
0.035
0.035
0.036
0.036
0.036
0.037
0.037
0.037
0.038
0.038
0.038
0.038
0.038
0.039
0.039
0.039
0.040
0.040
0.040
0.041
0.041
0.041
0.041
0.041
0.042
0.042
0.042
0.043
0.043
0.043
0.044
0.044
0.044
0.044
0.044
0.045
0.045
0.045
0.046
0.046
0.046
0.047
0.047
0.047
0.047
0.047
0.048
0.048
0.048
0.049
0.050
0.053
0.058
0.073
0.102
0.142
0.188
0.237
0.287
0.336
0.386
0.435
0.483
0.529
0.574
0.618
0.662
0.706
0.750
0.793
0.834
0.867
0.890
0.901
0.904
0.905
0.906
0.907
0.908
0.908
0.909
0.909
0.910
0.911
0.911
0.912
0.912
0.912
0.913
0.914
0.914
0.915
0.915
0.916
0.917
0.917
0.918
0.918
0.918
0.919
0.920
0.920
0.921
0.921
0.922
0.923
0.923
0.924
0.924
0.925
0.925
0.926
0.926
0.927
0.927
0.928
0.929
0.929
0.930
0.930
0.931
0.931
0.932
0.932
0.933
0.933
0.934
0.935
0.935
0.936
0.936
0.937
0.938
0.938
0.938
0.939
0.939
0.940
0.941
0.941
0.942
0.942
0.943
0.944
0.944
0.944
0.945
0.945
0.946
0.947
0.947
0.948
0.948
0.949
0.950
0.950
0.950
0.951
0.951
0.952
0.953
0.953
0.954
0.954
0.955
0.956
0.956
0.957
0.957
0.957
0.958
0.959
0.959
0.960
0.960
0.961
0.962
0.962
0.963
0.963
0.963
0.964
0.965
0.965
0.966
0.966
0.967
0.968
0.968
0.969
0.969
0.969
0.970
0.971
0.971
0.972
0.972
0.973
0.974
0.974
0.975
0.975
0.976
0.976
0.977
0.977
0.978
0.978
0.979
0.980
0.980
0.981
0.981
0.982
0.982
0.983
0.983
0.984
0.984
0.985
0.986
0.986
0.987
0.987
0.988
0.989
0.989
0.989
0.990
0.990
0.991
0.992
0.992
0.993
0.993
0.994
0.995
0.995
0.995
0.996
0.996
0.997
0.998
0.998
0.999
0.999
1.000
1.000
0.999
0.988
0.977
0.966
0.955
0.934
0.902
0.877
0.834
0.779
0.652
0.524
0.497
0.369
0.242
0.114
0.007
0.000
0.000
0.000
0.000
0.000
0.000
0.000
0.000
0.001
0.001
0.001
0.002
0.002
0.002
0.002
