10.500
10.577
10.600
10.631
10.700
10.700
10.762
10.800
10.816
10.894
10.900
10.948
11.049
11.203
11.358
11.568
11.766
11.920
12.074
12.228
12.423
12.636
12.791
12.945
13.148
13.406
13.710
13.942
14.173
14.439
14.735
14.966
15.198
15.472
15.760
15.991
16.296
16.656
17.013
17.326
17.711
18.037
18.382
18.754
19.062
19.438
19.779
20.043
20.198
20.352
20.559
20.760
20.914
21.068
21.222
21.414
21.630
21.785
21.939
22.093
22.247
22.401
22.633
22.809
22.963
23.117
23.272
23.489
23.680
23.834
23.988
24.071
24.148
24.225
24.302
24.379
24.513
24.633
24.710
24.788
24.865
24.942
25.019
25.096
25.100
25.150
25.227
25.300
25.300
25.358
25.435
25.500
25.500
25.566
25.600
25.620
25.698
25.700
25.700
25.729
25.800
25.800
25.800
25.837
25.900
25.900
25.900
25.900
25.878
25.801
25.800
25.800
25.800
25.793
25.715
25.700
25.700
25.684
25.607
25.600
25.553
25.500
25.499
25.422
25.400
25.368
25.300
25.300
25.237
25.160
25.083
25.005
25.000
24.951
24.874
24.797
24.720
24.700
24.666
24.589
24.512
24.435
24.358
24.281
24.204
24.127
23.999
23.873
23.796
23.718
23.641
23.564
23.475
23.320
23.233
23.112
22.958
22.804
22.725
22.596
22.442
22.294
22.217
22.079
21.963
21.886
21.808
21.731
21.654
21.600
21.600
21.523
21.446
21.369
21.292
21.215
21.200
21.200
21.200
21.200
21.200
21.153
21.100
21.100
21.100
21.100
21.100
21.100
21.100
21.100
21.100
21.100
21.100
21.028
21.000
21.000
21.000
21.000
21.000
20.966
20.900
20.900
20.834
20.800
20.780
20.703
20.700
20.649
20.600
20.595
20.518
20.441
20.364
20.287
20.210
20.133
20.011
19.879
19.801
19.724
19.647
19.570
19.493
19.416
19.339
19.262
19.185
19.108
19.100
19.054
18.977
18.900
18.823
18.746
18.669
18.592
18.514
18.500
18.460
18.383
18.306
18.229
18.200
18.175
18.098
18.021
17.944
17.900
17.890
17.813
17.800
17.759
17.700
17.700
17.627
17.600
17.573
17.496
17.419
17.400
17.365
17.300
17.300
17.234
17.200
17.180
17.103
17.100
17.049
16.972
16.900
16.900
16.840
16.800
16.786
16.709
16.700
16.655
16.600
16.600
16.524
16.447
16.370
16.300
16.300
16.239
16.162
16.085
16.007
16.000
15.953
15.876
15.799
15.722
15.645
15.568
15.491
15.414
15.400
15.360
15.283
15.206
15.129
15.052
14.975
14.900
14.900
14.843
14.800
14.789
14.712
14.700
14.658
14.600
14.600
14.527
14.450
14.400
14.396
14.319
14.300
14.265
14.200
14.200
14.133
14.100
14.079
14.002
13.925
13.900
13.871
13.794
13.717
13.700
13.663
13.586
13.509
13.500
13.455
13.378
13.300
13.300
13.246
13.169
13.100
13.100
13.038
12.961
12.900
12.900
12.830
12.753
12.676
12.599
12.522
12.445
12.400
12.391
12.313
12.236
12.159
12.082
12.005
11.928
11.900
11.874
11.800
11.800
11.743
11.700
11.689
11.612
11.600
11.558
11.481
11.403
11.400
11.349
11.300
11.295
11.218
11.200
11.164
11.100
11.100
11.033
11.000
11.000
11.000
11.000
11.000
11.029
11.100
11.100
11.100
11.100
11.100
11.100
11.100
11.100