125.000
125.023
125.047
125.070
125.093
125.117
125.140
125.163
125.227
125.297
125.367
125.437
125.507
125.577
125.647
125.717
125.787
125.857
125.927
125.997
126.067
126.137
126.316
126.573
126.830
127.086
127.343
127.600
127.857
128.103
128.337
128.570
128.804
129.037
129.270
129.504
129.751
130.032
130.312
130.592
130.872
131.152
131.432
131.712
131.993
132.273
132.553
132.833
133.113
133.393
133.678
134.145
134.612
135.078
135.545
136.012
136.479
136.946
137.578
138.232
138.885
139.539
140.193
140.846
141.500
141.980
142.400
142.820
143.240
143.660
144.081
144.501
144.780
144.966
145.153
145.340
145.527
145.713
145.900
146.065
146.205
146.345
146.485
146.626
146.766
146.906
147.008
147.031
147.054
147.078
147.101
147.124
147.148
147.171
147.194
147.218
147.241
147.264
147.288
147.311
147.331
147.284
147.238
147.191
147.144
147.098
147.051
147.004
146.979
146.955
146.932
146.909
146.885
146.862
146.839
146.797
146.751
146.704
146.657
146.611
146.564
146.517
146.471
146.424
146.377
146.331
146.284
146.237
146.190
146.132
146.062
145.992
145.922
145.852
145.782
145.712
145.650
145.604
145.557
145.510
145.464
145.417
145.370
145.319
145.249
145.179
145.108
145.038
144.968
144.898
144.828
144.758
144.688
144.618
144.548
144.478
144.408
144.338
144.246
144.153
144.060
143.966
143.873
143.779
143.686
143.556
143.416
143.276
143.135
142.995
142.855
142.715
142.545
142.358
142.171
141.984
141.798
141.611
141.424
141.213
140.980
140.747
140.513
140.280
140.046
139.813
139.579
139.346
139.112
138.879
138.646
138.412
138.179
137.956
137.769
137.583
137.396
137.209
137.022
136.836
136.653
136.513
136.373
136.233
136.093
135.953
135.813
135.673
135.577
135.484
135.391
135.297
135.204
135.111
135.017
134.943
134.873
134.803
134.733
134.663
134.593
134.523
134.453
134.383
134.313
134.243
134.172
134.102
134.032
133.962
133.892
133.822
133.752
133.682
133.612
133.542
133.463
133.369
133.276
133.183
133.089
132.996
132.903
132.815
132.745
132.675
132.605
132.535
132.465
132.395
132.322
132.229
132.135
132.042
131.949
131.855
131.762
131.669
131.575
131.482
131.388
131.295
131.202
131.108
131.015
130.922
130.828
130.735
130.641
130.548
130.455
130.361
130.268
130.175
130.081
129.988
129.894
129.801
129.708
129.614
129.521
129.428
129.334
129.241
129.147
129.054
128.970
128.900
128.830
128.760
128.690
128.620
128.550
128.480
128.410
128.340
128.270
128.200
128.130
128.060
127.993
127.947
127.900
127.853
127.807
127.760
127.713
127.667
127.620
127.573
127.526
127.480
127.433
127.386
127.340
127.273
127.203
127.133
127.063
126.993
126.923
126.853
126.800
126.753
126.706
126.659
126.613
126.566
126.519
126.486
126.463
126.440
126.416
126.393
126.370
126.346
126.323
126.300
126.276
126.253
126.230
126.206
126.183
126.165
126.161
126.156
126.151
126.147
126.142
126.137
126.132
126.122
126.113
126.104
126.094
126.085
126.076
126.066
126.057
126.048
126.038
126.029
126.020
126.010
126.001
125.988
125.974
125.960
125.946
125.932
125.918
125.904
125.876
125.843
125.810
125.778
125.745
125.712
125.679
125.652
125.629
125.606
125.582
125.559
125.536
125.512
125.489
125.466
125.442
125.419
125.396
125.372
125.349
125.318
125.271
125.225
125.178
125.131
125.085
125.038